3.3488474548933698
6.886547761872631
2.5607312060833114
1.7604500402767675
2.400967306803437
0.997260255574633
3.448666964394239
1.1723481563893532
-0.3138920229984513
2.948117747561977
1.8323337048461843
2.7017696905519366
0.4293400121342506
2.8137738319223953
1.1360231127575753
3.1107099811351775
0.604744198252355
3.8932142342015807
3.965305308111036
2.504030726893133
0.7614179000048092
2.5797953674350973
4.121692855737749
0.8951462862673273
4.526643935434502
0.9801639071878627
2.6689011196361787
2.125355102837606
3.1101225568013464
2.381602490740267
4.033481234224311
3.9088761771873743
3.998023907723172
2.6498660108571124
7.1897559516452905
0.2660834165423337
0.0020769711806598264
1.4798901102993307
3.4463214704489586
3.4794365095398203
4.220907043596261
3.930557897384491
2.939456507639155
3.842496271242765
-0.5150525736788893
0.6768885253523887
3.181918130611609
0.07084524670513742
3.185849190382247
6.197889764713363
-0.43603473761366957
0.5281719595969177
0.5061615283485349
0.2635767222955211
2.2575087365729574
1.4152067577565646
2.243506817748538
-0.5946869517947351
3.363634648674459
0.6441507784009002
-0.6722929745494599
4.061762484012903
1.3500933219530074
2.6813315948188112
3.0086219849564313
4.162610792285673
2.612105273343459
-0.5961259254264784
3.3595852573217404
1.8301434046161382
1.1941541330368204
2.4873278658092555
-0.48593034013529635
1.0917789558050959
2.1990315576371486
1.3663573348921692
1.2063588120101334
0.1190290021727798
2.732072030644626
0.1062570914298517
4.098761007631994
0.05898994816534797
2.474230207702281
2.448159901075914
0.43377138102490675
11.239403111756728
0.3377740945462272
3.0161692369735964
0.2629325720127754
3.6802127666866755
0.6657653707214943
1.4995523530913935
7.706040006829076
1.7722586862214214
1.5680350941638166
-0.01990427450429652
0.42502339556187674
0.25933086782934595
0.07093819932495539
2.7115718661904857
-0.0631439216636983
2.8514784466453156
2.0081904433647595
3.94963941078947
2.4245751117111927
3.6946426112578465
2.825783472417721
0.8505664968840397
3.0145930205009894
-0.3225664705790331
3.3936595304490202
2.438562719555394
-0.14443437442938387
3.125017981403351
4.635936353536572
0.23300321816954275
2.373116647735425
0.7583266922939106
-0.22425352990875244
1.8152640158322988
3.0545745992102873
2.102783866074792
3.518051225379417
2.887571830958529
2.6704151310504303
3.612843226019903
0.19274202042951002
0.9454633906009333
2.4063197785475112
3.5105955541880878
2.0745677829482876
2.236989658018212
-0.24596023613410323
3.7986817526105194
0.2748559489295322
3.881492643526178
-0.4092241218544469
3.268890920009518
3.701779054565914
3.8388231315440136
1.6505174969655874
0.5604623345744971
3.823485432847109
2.5112651079950488
0.06240164261861224
1.0180796632086386
1.0325814553844426
0.7033215313105862
1.863729248671429
2.4480628722724584
1.5511946434360686
0.6228882540240421
2.2231326951017882
0.605511516424753
3.5384551997194666
1.1462139789409995
-0.022036940641682736
0.5763377860843136
-0.3572512731149914
3.4348887116362303
0.36416873490857254
0.7496704624121042
0.1254073099780178
4.4832247030760035
0.4464993522634268
2.260707987726614
-0.059333696034797656
0.8575964819747712
2.492084605149011
1.0361577657002157
1.0028802458360375
0.09466449370063751
3.627198593815904
0.5675287010371157
0.012692122088799353
0.6106321788847267
2.0391242894222366
1.2679612950017107
3.0498280950826886
2.395314061164223
7.862151451023615
0.4678443334353138
3.6785112416372066
2.253590544416179
3.6839250192876833
2.6193374684116213
-0.21571477251142734
6.178723416794557
2.0316867714476676
2.3772566140229814
3.821089851087897
7.761539423170661
1.9346852543074062
3.363043374132246
1.9719164453082798
1.4441805163102557
3.4543846925651986
3.0527739362320063
2.8052352903770044
4.92049407293293
0.09128249500298634
3.3811281296104374
3.5982592032426024
-0.09345587763331327
1.0708046913623974
3.13505172493879
3.5471276632532964
3.5752959685938404
0.6716742874346951
6.913726698645531
3.1455076543192306
0.02430424859935746
1.5495999783831655
3.210660642623127
1.4878292591650937
0.5842077520260202
2.9136197510319226
2.844083622419555
4.1101389442255645
0.07483962069685139
3.337161609937195
2.6290004603191397
3.2857690964278103
1.409420689139139
2.028630784899097
3.6325246958789057
-0.4814875554503418
2.0447423560539826
0.6691639946449168
2.2650488485583673
3.471243058631701
6.061135478585688
4.337165727114434
2.84501530744242
-0.2843357172883769
3.295780770617261
0.6493509830423306
0.1437399143056624
3.282502106588951
-0.04807235809030152
3.563053860977492
1.969518197222733
1.9866331252741494
0.8386281065673022
1.6492109378256148
1.2630134220887947
0.5538402057531467
0.5981899728195783
-0.26997836798136443
3.1177676585659304
1.7159419319161826
2.4826527729228953
1.959894665599613
4.276554922529023
0.08987055080464909
2.4867400487930307
-0.5095645640713811
3.648058016645292
1.1420192938161204
2.04856138740877
-4.54176737394095
0.23456294924121532
5.577977872284567
0.6803731713748891
2.0362786635301036
0.15730934585906284
2.6824046187732398
2.9515219702617723
0.8866357994802907
4.597022936926047
4.151374655672862
3.1315346051945254
3.009006529697858
-0.828997948622603
-0.9255946191284189
0.18456311606439627
1.2290906153535621
3.503348788452955
3.1051344884577867
3.474632391121447
2.248408562700029
8.170221847016274
0.7319842103666074
6.885742130872455
2.573990402164323
0.1656378676235576
3.2912152930486935
0.9197658913097474
3.8637057024382373
4.288100906496672
4.575283297242409
3.3766634330841767
2.99298291691125
3.266615286660644
6.373592467632924
0.30200100139195485
2.4714414703648524
3.1273050472268147
1.0381672347770607
2.853907452670297
-0.4795860989210324
-0.8478130361414168
2.6916867779521705
-0.4760778768723808
2.3523554335637553
2.2862137204340347
2.862549615350171
3.270715707660229
1.5913748418544709
2.5905468647502
3.8826841898993143
2.3856812861853895
2.2305324420878994
3.2621996089121947
2.8087785509517684
3.882590234316605
0.18076956353512952
3.3052870470502294
2.9917620287323663
2.8153801249927035
1.5324787364992947
1.7712668154893396
2.5548146235927662
3.9274175069959836
1.2903212948583855
2.4420597844133174
3.152071782896973
1.1723103970042623
1.149885952983037
0.06637552052068105
-0.24710649739252177
2.886627991693981
2.8260151326476497
4.080497020442772
-0.026211548672445066
-0.03329323451702712
1.4398209579312897
1.9597858277215792
2.7122629691941373
2.5681375296075935
2.30600387895637
0.7415402784689319
-0.6227608172548424
1.0949086724842407
-0.5361468806662621
0.7430804977763198
-0.5732449036879982
0.6409499951091173
3.3619268186326323
2.5689142235505806
1.99222605348512
1.792334123080525
2.685680004125563
0.5713915598161227
2.400643158443511
1.9125205845875783
-0.7145273520495127
2.3857944125535906
0.4272905003996092
1.2952394302049253
0.25405106717857434
5.016171969340286
3.3392189906565437
2.308513447333216
0.3825818407375721
2.184704316962674
1.2925035887667655
2.04844247951885
0.07112376184038682
4.599951030791138
1.2917456376794236
2.3768948253325157
2.06143315467377
3.3624152288313347
2.650371062841022
0.8589949572590169
3.120171989555655
2.5366990439352595
2.6521950333347726
3.8426794286342454
2.939907188972878
-0.6002541691638227
3.0227678504482958
0.9496799068164561
1.8248733016210918
0.4610744999595139
2.560147218849828
1.602941972786079
0.6997960588123803
2.417775510748267
2.5737569952754624
0.9597099720151693
0.11333151119159472
5.484939745654518
0.9206096693580399
2.3071959832093243
2.756587911972324
2.1587264745463846
2.698515145353102
10.606370512078382
