3.221536406630401
6.685508305441769
3.0830511514788954
1.6119918865403347
2.4063268531618234
0.9726112534106205
3.358883167738082
1.0993027347483775
-0.3765823376752431
2.9006864223968645
1.5521555012154211
2.597740835732073
0.07604385903565633
2.3874859665806745
1.0393341972656909
3.019246862045381
0.41711400221270833
3.76923308134355
3.8949537261640983
2.3989626387410654
0.7128999416692856
2.663752354650947
3.851672432607027
0.7043973963015031
4.1155895430767195
0.7750251480530194
2.259175217537314
1.9849246562429455
2.5023738666143465
2.2412092759761237
3.6853010913736193
3.838012418754913
3.90749143422901
2.5946593351227647
7.024358616107129
0.224824844053839
-0.03659158835712902
1.3073207550953128
3.368067303942885
3.352131853417967
3.8518571773220245
3.585865306807178
2.870038931820846
3.9461942186118772
-0.5267974381398567
0.6021056659397566
2.9500130125653667
-0.025498500987836046
3.1531817756543554
6.123575633801728
-0.5030157586996556
0.46896167848460385
0.44455762668721904
0.26409273436550784
1.8293452980149976
1.3765708903512022
1.9178111157937139
-0.6414642980752043
3.3466975944688038
0.6423735870018936
-0.6698167650705918
3.9678292552580605
1.324867954505022
2.6086321632260767
2.9117154306947257
4.190884951188943
2.3598058191434514
-0.6346732923356851
3.2606004170202985
1.7275476082175778
1.1855392770472468
2.2959807446614295
-0.4737420803561712
1.0448571919963971
1.8177063424921738
1.3725865052010158
1.1100009373680872
0.11126484358416847
2.6707041056424763
0.27367105555371785
4.023904019997301
-0.04565579014620944
2.4760001918694696
2.3714581230102185
0.3672477417826744
11.164594593165349
0.32416993150110823
2.964169488545425
0.193610133952805
3.2747172011512977
0.6167611106822433
1.4808543816681836
7.467118122793159
1.778130619266203
1.4575844447878565
-0.05487257887972479
0.4188305816001749
0.2362041931935356
-0.00549135367108372
2.318724682959308
-0.10000261620388115
2.7316939318582105
1.7604747912413372
3.8747727896173165
2.339533396436519
3.396940263203048
2.7932434970106708
0.808751619641464
2.9681785459150705
-0.3844739437116112
3.0800031420829206
2.265963207872737
-0.21339008296512374
2.928465399975771
4.0817229470735645
0.20198037208042535
2.1287788680439985
0.748976377020462
-0.2320414657062181
1.7293910684170066
3.0078741605722543
1.9880832693273023
3.1816032123870293
2.4762531931625156
2.5645855353526685
3.540343171025566
0.13712958347795995
0.834978444186765
2.317199206969292
3.2048121784824932
1.8993044594606387
2.1424037652907666
-0.32029527253149087
3.6644641744822364
0.014467424102200508
3.4090467848809984
-0.4430822701223482
3.030510953742882
3.632064843475509
3.783729295685857
1.5607169201176492
0.5494036922406698
3.7863376854590616
2.437803817474649
0.05292226826003339
0.8409262602377019
0.948016232680314
0.6762006286723456
1.7643788820571524
2.069141982961995
1.4462036672056695
0.6159120333031926
2.1861465802260804
0.5932920072693021
3.4713284835983074
1.153529847289655
-0.021379841606099615
0.509457100302505
-0.36127443510626184
3.1070167117958807
0.3076834153821951
0.6791362384367969
-0.5724621489530554
4.313748357951214
0.42002616620580574
1.9194451192138984
-0.22192066639948207
0.7987518975628779
2.364074054357229
0.031063818888238663
0.9797625949976527
0.05185120648463068
3.5410064242504267
0.4872287672916629
-0.0698622990341813
0.4142192675426908
2.0132719478972314
1.2295090318030546
3.0144705964276493
2.3719464344418792
6.903339771534187
0.4192924472753691
3.289567155970531
2.0989303958880363
3.562839023542614
2.2372104172755685
-0.2239454343604037
5.953819936884073
2.0249731232895316
2.0358068903380535
3.7587541314306816
7.696223549466572
1.5609406700759716
3.0479919793867
1.884819412042209
1.4015855776352866
3.3810308916868164
2.6821002666273634
2.9305504171796515
4.604049100552265
0.05214657300601885
3.21279438304574
3.4585100679069254
-0.13988855940022102
1.0576260274143403
3.0596870462074133
3.470891456546788
3.406176376977085
0.6694789917110849
6.912367436282488
3.0949171527296433
-0.0017533003468415483
1.2779287450926238
3.3366786442039165
1.452442156807171
0.5467848464245126
2.829155917866279
2.7447451260729254
3.654503015834136
-0.22745916034281463
3.3276163845663134
2.5496304520138904
2.910197722572547
1.3838211113238388
1.9561211085279133
3.4666725155895985
-0.5298194592096241
2.0438114232489553
0.6406057231155252
1.904349695507272
3.0878730981453697
5.157588241620629
4.0008935712404075
2.4547685803644628
-0.29216967150093814
3.1912210244818313
0.6089459123970268
0.11256728770387153
3.230885640661685
-0.09654914609005721
3.2180102580388716
1.8867768329771135
1.9204628212751154
0.7270451833218562
1.5810259899050223
0.9386390714667581
0.5379059116652153
0.5329131337975905
-0.29385630640161414
3.2109363629093046
1.6236408930669766
2.092637364585801
1.834630177082181
3.84958736388787
0.05960344693136943
2.3458980919503554
-0.5800914284962797
3.56506517438535
1.1244016457574222
1.8939031827714743
-4.649075090522388
0.2086177761485618
5.1226358906349825
0.6355249621833383
1.9062973282424218
0.13176703842417997
2.516407195436158
2.888216599731098
0.8660698420997629
3.9297258194421643
3.9375749995658023
3.088928006783017
2.58066989662757
-1.2964324324455745
-1.0765511771570686
0.14072031732168877
1.184377141945842
3.3865626263520308
3.0236534883801576
3.0632263975412615
2.132343362254181
8.398216904172438
0.653814202332886
6.188696606824579
2.4366814226052718
0.14681288164443074
3.192282602190014
0.8706008471353011
3.4653551044191313
4.214488748163732
4.3339134011156375
2.97600827874684
2.8814161995689465
3.1531900477558947
6.192189400787773
0.2542550675098814
2.457701435016985
2.7564920031080664
1.009020127138969
2.781317143848565
-0.4562236643128413
-0.8540230548688786
2.5758401105596223
-0.4938091467592279
1.984241085360234
1.9303484636929615
2.5283206030055556
3.125120951199978
1.4843936018058912
2.1769685051681846
3.8293357819111287
2.259369745064377
2.173045386520319
2.9022245977565357
2.4848550865476358
3.5318747850978487
0.16046806148940593
3.1425508761549152
2.9197703604829264
2.379132826650139
1.4638300207457482
1.7051334086172438
2.475891698948404
3.034924099815743
1.078370252173317
2.3388752945452893
2.7493835853654263
1.1081319809361745
1.154635081125646
0.019221756370851755
-0.28704838114172476
2.5496963240069275
2.471291097205675
3.6407507450314585
-0.08455054245704861
-0.10049824262734396
1.4273158993299828
1.840261540981879
2.6443752370965576
2.227505597028012
2.216618258475494
0.66541190737532
-0.7202598191445015
1.0193621770581025
-0.7860976122910835
0.6776529811437305
-0.6229779803584637
0.5454117208896749
3.217801826388582
2.374793615254653
1.897572108332752
1.7117188030829698
2.277455258545742
0.541250556358564
2.04006952134472
1.8846951732034711
-0.7255790741743107
2.1023528459490715
0.3408047402607828
1.2004675707260588
0.2143976606372325
4.6641271485199916
2.929171416875487
2.2855482827035223
0.34506159873678505
2.088457428333555
1.2715928223716089
2.040861589122311
0.13092622676649887
3.9309701649144166
1.2621672449928107
2.0486394288907013
2.0053649880076523
3.0103279713673663
2.540988940526699
0.7926889609696369
2.7579694614269012
2.4253217246553413
2.5679530801683867
3.471831580717008
2.578093208425626
-0.6185960504561343
2.92285512406624
0.913655817069782
1.737816301639767
0.4685711975070173
2.4677592436912517
1.3997493598571036
0.6244104438722152
2.242578343530884
2.4550247015549207
0.9076075844789452
0.060668864123338696
5.160866863523203
0.9339108353902444
3.6660946687577116
2.4448848936305545
2.020976501781149
2.3646868097493363
10.297608906278718
