2.798929927146062
5.436676456390765
2.5790367037134914
1.1561305047076824
2.080498195970785
0.9177489514379811
2.4361867828398096
0.949201666856523
-0.5121017774853591
2.5435816467848213
0.7835303911711754
1.8261549790050327
-0.312575894766717
1.6152788312801958
0.8718873073094912
2.257223837260546
-0.12903544068328962
3.266543612788991
3.2739288979330285
1.8337248291145831
0.6446806824963331
2.054750622579877
3.060327818902827
0.36381564672089567
3.3045825965542015
0.6069128647023249
1.476586959374306
1.622551215202385
1.8985602784684432
1.5884897289633362
2.9612059309554284
3.2350674087532485
3.3455107390295424
2.4439107506539024
6.644627097986293
0.13586996691667041
-0.11243737210958608
1.0914858966154903
3.1706142068285157
3.134998805073045
3.2235682450513194
2.879106104961748
2.313141455564258
3.4799345377154154
-0.5784594738987111
0.4271688204289948
2.5219015426025324
-0.21723441571418406
3.026834128811455
5.592043319207
-0.6597663189292224
0.34997355794704793
0.32659199430778435
0.24561741001508436
1.7713695236876024
1.239297699706309
1.3216410713184819
-0.7196499639401379
2.825067837248089
0.5853909638914156
-0.6588607714246877
3.2773860071377943
1.3561953846025823
1.9515042564992793
2.354892011639361
3.2841747815534434
1.6175861785189822
-0.7738026449178176
2.278872389857654
1.8967882365631425
1.1549697803175427
1.5428415167948817
-0.5018182864646538
0.9561569735714367
1.146490810449388
1.312982338835509
0.9226734093592671
0.055320834196220046
2.4499453634364174
-0.6967818153437482
3.5972826237776454
-0.09721023995414732
2.4731345738768313
2.027579294090148
0.23409920149306035
10.958453076334402
0.29677205189959605
2.1959160839571257
-0.0035992002795696963
2.4199159232626983
0.4723506667469435
1.4943056036561728
6.807218795533878
1.75891260326699
1.171004959354067
-0.11586853842783688
0.40849183846054093
0.128160947286109
-0.14178051379616163
1.4999033182438615
-0.20507113095568744
2.4516731054726275
1.0823831673689164
3.0932269589413535
2.1065685607215907
3.032168750039004
2.575254444895845
0.728658536200159
2.328204306322977
-0.47509873175640077
2.3644809651272225
1.8747578360545165
-0.34536479619154686
2.5227723978084873
3.412025653318887
0.173796600185799
1.6889970454896657
0.7199261863408171
-0.2519208407790569
1.6271848103132291
2.4992011064366064
1.6455659647393146
2.6244716266735426
1.7773589459684382
2.0416260887935205
3.274251930564287
-0.020483707831195245
0.5787859672290193
1.645616536268211
2.6184900986938136
0.998076318293199
1.7963073687658977
-0.46098439884375597
2.9264183635619156
-0.33858546731450934
2.980072728249571
-0.5004787701826152
2.3290950169022806
3.36949947936563
3.3610007018293047
1.3732542154602958
0.5142524431037049
3.253839151980223
2.1979502403757065
0.02513959480569826
0.4853356600117077
0.7792551677965845
0.5747850390265615
1.4759523051289878
1.3526308806032665
1.1670350671664034
0.6017900642209643
2.155852882626462
0.5253228436708574
2.8643072658662065
1.1341571605542524
-0.10838939861633407
0.3980911205919134
-0.40444749956300574
2.3794094127584344
0.12648551736170532
0.5522994015255327
-0.25157531755700546
3.9655272788847222
0.3442018143169517
1.0372175992202404
-0.3772017932215272
0.6758826488910774
1.923670563888863
-0.8303521135117485
0.9215972216818399
-0.10171584524997927
2.8511093945136063
0.29429240911390153
-0.2482275050893533
0.4322710569161473
1.9767601311913001
1.1864394783551562
2.7834966718331087
2.0408961808704
3.4331655448846643
0.3326145530096494
2.8221630387018597
1.7485234495203235
2.958881646987393
1.4761205770092607
-0.26319764925617495
5.441081572753691
2.0011301444799403
1.3914610442202353
3.0799844308756157
7.332456932409873
0.8990508771157125
2.5437274584556593
1.5446884083638475
1.263254507924401
3.023727308837186
1.9822302987514575
2.241952570058598
4.046554778127474
-0.02710628572889229
2.2896819829556185
3.082360324626863
-0.2467987756197143
1.0191666240423751
2.443399155063023
3.0486848399447313
3.1270450002373105
0.661196443995213
6.26365226860218
2.6536123387144843
-0.06783570498435702
0.8619662798359471
2.820431118949732
1.282987337183926
0.48049638901858216
2.5226663282830284
2.5141293279954064
2.769519318026867
-1.988730387186254
2.6877192431263404
2.326985081213518
2.153144274913321
1.3160243308361623
1.7341338111106395
1.9797355379471397
-0.6554628191793005
1.9464050180317056
0.5785565048626122
1.327170297965208
2.3515188321445337
4.639996929334615
3.1338980522028455
1.6802798308927576
-0.3412043262829529
2.8856776307302985
0.515882857908095
-0.019711656389243104
2.462143558595617
-0.20741478806463218
2.6685598556129486
1.3111029449091065
1.7012218760892075
0.46515629008691567
1.3612217315515835
0.36804718435188866
0.5029680696175564
0.3780082401504436
-0.38104578983793047
2.968405944662227
1.1935021505716712
1.3223527648033344
0.6882276893838761
2.9584404381931524
0.01097959322890196
1.713783073648169
-0.6794314597042644
2.9277836562305644
1.0994128174914863
1.0454468324964128
-4.595782074052814
0.1298179730984047
4.548970675662657
0.5479679601338598
1.582763098337432
0.07308183194677988
2.167191031315807
2.5434890363799956
0.8039635136932471
3.204743168979815
3.2687514146912626
2.744295975473465
1.734603474582387
-2.4957180037617324
-1.2776855982227953
0.023773444435208315
1.2005464555042284
2.974433031121731
2.1237670677239286
2.378622111294065
1.7687872327798217
6.775846232694837
0.18989679601216936
5.201312417173943
1.988175119369404
0.08979675469332728
2.9585154101749875
0.7042334368714707
2.71336273943992
3.438790240712166
3.4458968524540996
2.1524798828065475
2.5153975222601175
2.5348124963590086
5.80280829534488
0.1745168258609276
1.6052979788296313
1.9554592349053603
0.9849514628861159
2.0560022040072763
-0.4008970288697152
-0.8937834238004734
1.6303383289468685
-0.5140535754904416
1.3901912376471646
1.3361618553182482
2.105782420816584
2.6842614187109715
1.0630337902871607
1.3213858960277665
3.125946871029242
1.9182178147030262
1.9908561420994528
2.146260536109146
1.9460853968570921
2.8303330660496937
0.12498113788139277
2.254152219931175
2.7074543775275854
1.4901523900548228
1.3398667938010016
1.5234955434047535
1.8741524744202591
2.365044310545311
0.8748013887898795
1.711195619149094
1.9236588735607136
0.9597449651293452
1.1382089117717673
-0.057867686255768
-0.3692535348394633
1.9106115174540907
1.9974216405459118
2.749253388368846
-0.2487286575125826
-0.2710011928650002
0.82680744699671
1.7907300718756227
2.420866569647716
1.6214188743125175
1.6402082261127666
0.5325337360191323
-0.8029028121501011
0.8574073441014357
-0.7615912148311657
0.5365619492594119
-0.7271539894106848
0.3386391716776512
2.6489100544207207
1.9705886791004021
1.7976565844736938
1.54395403709074
1.4231851881667301
0.47324890791819096
1.3821996405374901
1.7387361202152807
-0.7824588017266061
1.7480652696928614
0.12978313626712698
1.0057993363874456
0.13110366514083227
2.724929249740539
2.0703133323685465
2.175145205777947
0.20513757021748708
1.8154590992716986
1.1921827379769179
2.2431203875837675
0.09466386311550345
3.046775562696846
1.1230191962649134
1.3306649935936556
1.770147230427194
2.188274558856414
2.196408486394483
0.586227596117854
2.112576464307021
1.9626721546275026
2.043747922900868
2.8553111659066888
1.8454210924235226
-0.6806890523140874
2.6565831509463176
0.8248747419210076
1.4248729620152771
0.4813337320184364
1.881883856071494
1.167583757124159
0.43243596589202477
1.901333977195184
2.0959470045893864
0.8121993696100981
-0.25477748434243536
4.515354406793868
0.9212743983933803
3.92381499683052
1.850884956886249
1.6026155365156916
2.1131852523984427
9.697573777426708
